DM5_MACHINEKEY=051274d1-8857-4d34-9b38-e1cca11ff18d;
isAdult=1;
dm5cookieenabletest=1;
dm5imgcooke=230392%7C18%2C222026%7C21%2C178154%7C19%2C158683%7C18;
__utmt=1;
ComicHistoryitem_zh=History=828,635879847223028372,230392,15,0,0,0,102&ViewType=0;
readhistory_time=1-828-158683-1;
image_time_cookie=230392|635879843710611488|18,24317|635879842793342223|5,222026|635879843956106807|4,178154|635879844126640275|2,158683|635879847223538857|6;
dm5imgpage=230392|15:1:18:0,24317|70:1:19:0,222026|5:1:18:0,178154|3:1:19:0,158683|1:1:19:0;
CNZZDATA30087174=cnzz_eid%3D980450960-1452349571-%26ntime%3D1452354971;
CNZZDATA30089965=cnzz_eid%3D456897779-1452353210-%26ntime%3D1452358610;
CNZZDATA30090267=cnzz_eid%3D1683925892-1452353410-%26ntime%3D1452358810;
__utma=1.222658446.1452354680.1452354680.1452358859.2;
__utmb=1.35.10.1452358859;
__utmc=1;
__utmz=1.1452354680.1.1.utmcsr=(direct)|utmccn=(direct)|utmcmd=(none);
view__arr=1
fastshow=true;
